1621544567 ; 0 ; 6 ; 33817 ; 139657504429824 ; -1; IWANT
1621544567 ; 2 ; 8 ; 33817 ; 139657487644416 ; -1; IWANT
1621544567 ; 1 ; 7 ; 33817 ; 139657496037120 ; -1; IWANT
1621544567 ; 3 ; 4 ; 33817 ; 139657479251712 ; -1; IWANT
1621544567 ; 4 ; 4 ; 33817 ; 139657470859008 ; -1; IWANT
1621544567 ; 5 ; 6 ; 33817 ; 139657462466304 ; -1; IWANT
1621544567 ; 6 ; 5 ; 33817 ; 139657454073600 ; -1; IWANT
1621544567 ; 7 ; 2 ; 33817 ; 139657102751488 ; -1; IWANT
1621544567 ; 8 ; 7 ; 33817 ; 139657094358784 ; -1; IWANT
1621544567 ; 9 ; 2 ; 33817 ; 139657085966080 ; -1; IWANT
1621544567 ; 10 ; 9 ; 33817 ; 139657077573376 ; -1; IWANT
1621544567 ; 11 ; 8 ; 33817 ; 139657069180672 ; -1; IWANT
1621544567 ; 12 ; 2 ; 33817 ; 139657060787968 ; -1; IWANT
1621544567 ; 13 ; 8 ; 33817 ; 139657052395264 ; -1; IWANT
1621544567 ; 14 ; 6 ; 33817 ; 139656901424896 ; -1; IWANT
1621544567 ; 15 ; 9 ; 33817 ; 139656893032192 ; -1; IWANT
1621544567 ; 16 ; 4 ; 33817 ; 139656884639488 ; -1; IWANT
1621544567 ; 17 ; 6 ; 33817 ; 139656876246784 ; -1; IWANT
1621544567 ; 18 ; 8 ; 33817 ; 139656867854080 ; -1; IWANT
1621544567 ; 19 ; 1 ; 33817 ; 139656859461376 ; -1; IWANT
1621544567 ; 20 ; 6 ; 33817 ; 139656851068672 ; -1; IWANT
1621544567 ; 21 ; 3 ; 33817 ; 139656767207168 ; -1; IWANT
1621544567 ; 0 ; 6 ; 33817 ; 139657504429824 ; -1; CLOSD
1621544567 ; 2 ; 8 ; 33817 ; 139657487644416 ; -1; GAVUP
1621544567 ; 19 ; 1 ; 33817 ; 139656859461376 ; -1; GAVUP
1621544567 ; 14 ; 6 ; 33817 ; 139656901424896 ; -1; GAVUP
1621544567 ; 5 ; 6 ; 33817 ; 139657462466304 ; -1; GAVUP
1621544567 ; 17 ; 6 ; 33817 ; 139656876246784 ; -1; GAVUP
1621544567 ; 18 ; 8 ; 33817 ; 139656867854080 ; -1; GAVUP
1621544567 ; 11 ; 8 ; 33817 ; 139657069180672 ; -1; GAVUP
1621544567 ; 8 ; 7 ; 33817 ; 139657094358784 ; -1; GAVUP
1621544567 ; 12 ; 2 ; 33817 ; 139657060787968 ; -1; GAVUP
1621544567 ; 9 ; 2 ; 33817 ; 139657085966080 ; -1; GAVUP
1621544567 ; 6 ; 5 ; 33817 ; 139657454073600 ; -1; GAVUP
1621544567 ; 1 ; 7 ; 33817 ; 139657496037120 ; -1; GAVUP
1621544567 ; 21 ; 3 ; 33817 ; 139656767207168 ; -1; GAVUP
1621544567 ; 13 ; 8 ; 33817 ; 139657052395264 ; -1; GAVUP
1621544567 ; 10 ; 9 ; 33817 ; 139657077573376 ; -1; GAVUP
1621544567 ; 3 ; 4 ; 33817 ; 139657479251712 ; -1; GAVUP
1621544567 ; 4 ; 4 ; 33817 ; 139657470859008 ; -1; GAVUP
1621544567 ; 20 ; 6 ; 33817 ; 139656851068672 ; -1; GAVUP
1621544567 ; 16 ; 4 ; 33817 ; 139656884639488 ; -1; GAVUP
1621544567 ; 15 ; 9 ; 33817 ; 139656893032192 ; -1; GAVUP
1621544567 ; 7 ; 2 ; 33817 ; 139657102751488 ; -1; GAVUP
